Produs,C1,C2,C3,C4,C5,C6,C7,C8,C9,C10
McVeggie™ Burger,0.4466958584593453,0.0100460135082184,0.00013328342027014775,0.20478351454991667,0.2172204749362328,0.10276316514034137,0.0023595874911708347,0.01422731879079033,0.0006611292312686375,0.0011096544724454806
McAloo Tikki Burger®,0.20104456822730685,0.00039587586273837267,5.243190870609989e-06,0.2787147890610232,0.30347143712094354,0.1810786336212864,0.005959674327161632,0.020499311319036574,0.005697350839836223,0.0031331164297966644
McSpicy™ Paneer Burger,0.8658158865432363,0.0033307574220927012,0.0003340803925910235,0.0884094324208482,0.01892728396445396,0.0027764682857554486,0.005347101528126039,0.009689692698487356,0.004555845705170005,0.0008134510392391618
Spicy Paneer Wrap,0.8887670749215647,0.0002558447588722576,0.00350287055745324,0.06728331638876107,0.029157991972451357,0.0005194942453780599,0.0058673873258508,0.0004376481314912351,0.004169582749513956,3.878894866315903e-05
American Veg Burger,0.8930608188204482,0.0043390049118101235,0.0005386784017019079,0.07589100676610236,0.016843650126492457,0.0043169945811681095,0.0033334179359718083,0.0013352240464234472,0.00030073808749618406,4.046632238559761e-05
Veg Maharaja Mac,0.8885399800951935,0.049321330854602635,6.480002609429457e-05,0.046284595796254685,0.005490744286641733,0.008946830835038992,0.0003658773276893494,0.0005287710515850793,0.00042301671315052536,3.405301374940815e-05
Green Chilli Aloo Naan,0.4133094335834659,0.04161410480804361,0.0035422123338000695,0.2901693520499688,0.08389501587311624,0.15976389222862866,0.00493594799673132,0.0010484145706119463,0.0013314365124211997,0.00039019004321219197
Pizza Puff,0.0012975706600531025,0.6038576838958797,0.015594476235565077,0.3343360511319288,1.2400790156819602e-06,0.015578265906347144,0.02897168304682946,0.00010107085010543447,1.4753051367689075e-05,0.00024720514290786096
Mc chicken Burger,0.7526715816589835,0.01445579577205237,0.00034231103746976295,0.02173248948303676,0.16580445292860815,0.006885448071307443,0.016078685274703425,0.006498878468026694,0.014903770829858866,0.0006265864759529633
FILLET-O-FISH Burger,0.6714684162416197,0.10727387051083463,0.004325386591122686,0.0150179914670407,0.05994037440977678,0.0012071047949944323,0.06616692544373245,0.008224623275385846,0.06610634788193491,0.00026895938355794564
Mc Spicy Chicken Burger,0.9028425994496281,0.01681211242577342,0.002744395954680101,0.006010713157444694,0.04024058659220266,0.002895301334451992,0.015223867602760678,0.0036192347176154387,0.009506366849946627,0.00010482191549654735
Spicy Chicken Wrap,0.9772121628511624,0.006126209314265634,0.006487313095870664,0.0001773427671820254,0.0020522644184375926,0.0009165086756946294,0.0003410115270658522,0.003289972135594191,0.003103925020408479,0.0002932901943184128
Chicken Maharaja Mac,0.921831770818322,6.665200942230105e-05,0.0005258547224762073,0.00039396866368993246,0.04016659962928284,0.030136626571209916,0.002721266258059779,0.0041432286792460705,9.793392967772305e-09,1.4022854897993922e-05
American Chicken Burger,0.8777908395080118,0.02373213338309381,3.232207469838304e-05,0.0012689963204274013,0.05481190953083884,0.036633929321895,0.0014787470592515196,0.00407356670562238,6.393875968037034e-05,0.00011361733648035894
Chicken Kebab Burger,0.30472772455799624,0.011634120744835903,8.128906343745466e-05,0.3225915799024711,0.20341048228489508,0.13862966963155735,1.1825005562816519e-05,0.001456944679488406,0.01714364051404,0.0003127236157156342
Green Chilli Kebab naan,0.029371918482056888,0.48958168438905264,0.004902335582166409,0.19681001993235958,0.18091775495936166,0.09448641520816597,0.0027686096921086135,0.0005835623718938765,0.00019969268715232274,0.0003780066956820921
Mc Egg Masala Burger,0.19187896763569512,0.09109749446283885,0.04889489922774428,0.6180580583132007,0.008019396151725668,0.029445715928554383,0.01117898970446945,0.0001842727147334461,0.0012034910680519457,3.871479298604203e-05
Mc Egg Burger for Happy Meal,0.12626667794642385,0.09589795796674953,0.0589072596316629,0.6558471162652747,6.21407727063837e-05,0.05179468413793294,0.0026438707668286327,0.001752379706039954,0.006413105464639705,0.00041480734174134654
Ghee Rice with Mc Spicy Fried Chicken 1 pc,0.7251911708567332,0.00028997696609430016,0.004607657405063463,0.015195256813838551,0.23576869793696437,0.0015940530523439577,1.2958226343449937e-05,7.231484839337958e-05,0.017256346279843973,1.1567614381265065e-05
McSpicy Fried Chicken 1 pc,0.15616324307437338,0.5094821791972742,0.0005318633031709441,0.00018988837429518296,0.13238561831226767,0.18058512586107678,0.01357022941401052,0.006777193561940069,0.0001239094634477599,0.00019074943814342176
4 piece Chicken McNuggets,0.02576794106618649,0.8806668601266042,0.012339416942933674,0.006137095507574373,0.0012277968680892057,0.051198498193556624,0.003923942751354696,2.1380069632221483e-05,0.018207265861125744,0.0005098026129425683
6 piece Chicken McNuggets,0.20368602132146071,0.6430720080862279,0.012952991906113308,0.0031442850868452416,0.00713147604693571,0.08084870957870541,0.014741625663908303,5.6605458031111714e-05,0.03388649018683324,0.0004797866649391875
9 piece Chicken McNuggets,0.6910187248449816,0.18625193634376067,0.006570120986750386,0.0003819210366413642,0.0098886643548565,0.05959627643250059,0.017777716010793334,4.795270662823849e-05,0.028267277907769978,0.00019940937531730615
2 piece Chicken Strips,0.03595870977907648,0.5179561322836637,0.02829465270766997,0.02679661280785752,0.21750756787919617,0.12449550166472208,0.02384283800925927,0.02211844063498903,0.0029995126061349345,3.0031627430772232e-05
3 piece Chicken Strips,0.3047632177709831,0.23082329265900878,0.02345324577555638,0.020069629941276822,0.2513819311712408,0.12221776432099393,0.019987402634935897,0.023794861769144495,0.003391285843806038,0.00011736811305386337
5 piece Chicken Strips,0.04429538068940121,0.06668550494598847,0.8745756865329807,0.009464497000761012,0.003971404502037229,0.0009358949722839296,3.6455413400261976e-05,3.477145567348661e-05,4.0444640804226e-07,4.1065738883322345e-11
Regular Fries,0.08821337695411724,0.419829396709579,0.017534269843405493,0.29553033335765927,0.0016732529872851714,0.1207621906431947,0.01591767015200614,3.8866641786140023e-05,0.038844346621269725,0.001656296089697136
Medium Fries,0.05706572647204651,0.14890557144670633,0.019005472840911336,0.44560132865018764,0.007569202974562316,0.23584880374482434,0.017853297558874753,5.031444297272552e-05,0.06611799863978914,0.0019822832291249656
Large Fries,0.3786699662691519,0.0026267595432215942,0.010252521627576125,0.326455138068794,0.00991367502016387,0.20776277011646585,0.01007045523505657,3.758407093452744e-05,0.05301673710052257,0.001194392948113039
Regular Wedges,0.12347055664402024,0.46286019494437425,0.007504887606224423,0.20755160644985157,0.09124712431510379,0.07983719947699239,0.010892682809257271,0.01636938400700417,0.00022131386991730011,4.5049877254564444e-05
Medium Wedges,0.018372733884751472,0.24066676681579582,0.007337465573500087,0.3517633178488898,0.15440384921040679,0.18112190257875824,0.013062563180508444,0.03258106797624095,0.000340966225584215,0.0003493667055641267
Large Wedges,0.34521052497037935,0.0174259298649136,0.003087762877614984,0.28607061811250484,0.12508554113679068,0.18443729592693742,0.007470038799568603,0.03036968822469301,0.00024156904584943418,0.0006010310407481776
L1 Coffee,0.6413120984615697,0.3470769931015472,0.002371454925606194,0.00458716007048583,0.002682398950437447,0.0002788217966532272,0.0015137106250847508,2.5652231635573574e-05,5.879851817125323e-05,9.291131880884052e-05
L1 Coffee with milk,0.6150067356485799,0.37287744759366687,0.003450060582152319,0.0033153783956194503,0.0009503419548532716,0.001735795102326169,0.00041320248362212693,0.0009731350180817599,0.0002793977483754005,0.000998505472722789
Double Chocochips Muffin,0.1329315168805471,0.09436873759316909,0.004894877195053421,0.12454037561590206,0.10646564752573667,0.1375233255738659,0.06324866267459994,0.19342328165479017,0.13662667942603257,0.00597689586030315
Vanilla Chocochips Muffin,0.14489195904283447,0.035016762715555046,0.05400581257904528,0.08960777907332593,0.15696187657731647,0.2589164640829225,0.020709988774731503,0.11879973040276269,0.11400126836889524,0.007088358382610811
Veg McMuffin,0.5139716650443157,0.17931177211054886,0.01297907016750058,0.09315781444983513,0.06934178319925734,0.010159165997308163,0.011304038818107962,0.07832523632199861,0.02723927969674533,0.004210174194382431
Double Cheese McMuffin,0.41966571601766794,0.38615546436480636,0.04235308067618338,0.04063695888317127,0.017257633595653677,0.00031226650509842176,0.032064367429072704,0.052102515586895035,0.008058324860466877,0.0013936720809842658
Spicy Egg McMuffin,0.17040714550613995,0.12756642205557692,0.05158536095657351,0.5873974952654325,0.009692369649051822,0.03642528323933861,0.01383985423180818,0.00012730235353382218,0.0029122039385899847,4.656280395463456e-05
Sausage Mc Muffin,0.4424575618323193,0.37453806669942674,0.01428116667165889,0.01659492540420188,0.05052713212035529,0.026938785579293613,0.020995821546688873,0.05153872003558088,6.598774310613213e-06,0.002121221336163897
Sausage Mc Muffin with egg,0.3172199707824964,0.10070028850307533,0.047572560102527806,0.5235341405542833,0.004717265756463529,0.0020529543475934385,7.66740084976458e-05,0.0013874053831945282,0.00043270046350244617,0.002306040098365789
Egg McMuffin,0.19275603408732517,0.12111053341032375,0.06725295326792835,0.5713342429814378,0.01099917460194282,0.02975586463369032,0.004780642445991367,0.0012016058970012124,0.0007242701558192715,8.467851853992202e-05
Hot Cake with maple syrup,0.386805529838777,0.4306653253877815,8.807737301193589e-05,0.014691199843563733,0.028375829560406907,0.12327257146929732,0.002413515177004324,0.004017469635314123,0.007859712438518254,0.001810769276324888
Hash Brown,0.30265570690360377,0.5355271863456541,0.006783887988037731,0.11113065031623694,0.0037875680522408777,0.004824521987260336,0.034101736679544935,4.080423449135755e-05,0.0007789776169697889,0.000368959875960116
Espresso,0.6369050417720279,0.35176718208315233,0.0022303955249393334,0.00453035675494884,0.003291822620351521,0.0002543070672152022,0.0005760253199399838,0.00011826399600628768,0.00025201344738672276,7.459141403183172e-05
Espresso Machiato,0.5895152226004573,0.399895727075197,0.004409006937566851,0.005041439059365497,0.00018625385167118057,0.0007001590770979712,2.7350195228233175e-07,4.369055805099216e-05,0.00014726259510025472,6.0964743540757035e-05
Americano (S),0.6369050417720279,0.35176718208315233,0.0022303955249393334,0.00453035675494884,0.003291822620351521,0.0002543070672152022,0.0005760253199399838,0.00011826399600628768,0.00025201344738672276,7.459141403183172e-05
Americano (R),0.6353680663199867,0.3510078633703436,0.0022532818508068896,0.00509716677406342,0.005030630769408925,1.8574164488141134e-08,8.236117226958166e-05,0.0004212385814726057,0.0007002538175784945,3.911876990518347e-05
Americano (L),0.6344871122877326,0.3505979978031328,0.0022499929513230344,0.005329149061943613,0.005747971792051171,3.8682042847622714e-05,1.266375377846042e-05,0.0005842943977485992,0.0009245688124607684,2.7567096981375027e-05
Cappuccino (S),0.29368346649765265,0.5475688674456591,0.021557935305157955,0.00646640074836869,0.11294149164698183,0.005127482824965477,0.012435017565885836,0.0001805209726434554,3.125061942805486e-05,7.566373256917386e-06
Cappuccino (R),0.016837451074874443,0.4763309741374116,0.04396744935067223,0.006607815854588713,0.3866217451839792,0.005504429284309957,0.06385571420108424,0.00017798043476322453,1.1647271810719098e-05,8.479320650564028e-05
Cappuccino (L),0.04044725838604345,0.2779056302611832,0.04757501055894008,0.004224367731888175,0.5324642427783618,0.00524409371915408,0.09157325256826232,0.0002787651391933866,5.441204019565451e-05,0.00023296681677789042
Latte (S),0.1576968251521166,0.5513934284399282,0.030694421294683544,0.006344449131773594,0.22056478628314918,0.007851396985091014,0.02477082558152022,0.0004875519122801356,0.00019631067945041173,4.540006988501687e-09
Latte (R),0.004257004359674535,0.44253937612108674,0.04572343523890941,0.006169915266061558,0.4260100682500163,0.005937671456275363,0.06899061960646077,0.00023379810540101673,3.636355947566393e-05,0.00010174803663880603
Latte (L),0.09244302934967898,0.20665249297574945,0.045481831731569985,0.0030982850747673716,0.5527957234033769,0.005453057629356389,0.09329903974915851,0.00039710538034594726,0.00013066483641093396,0.0002487698695857031
Flat White (S),0.05594162177065694,0.510122415703894,0.0386669071688546,0.005705914506398079,0.33932092578926115,0.010334728861870257,0.03857361493393793,0.0008590256406221736,0.0004692784546313699,5.567169873417766e-06
Flat White (R),0.03245667882942846,0.2886672791741458,0.047329796181060285,0.0039521177502038155,0.5361418820859294,0.007081894819546265,0.08343501249200971,0.0005512223891790954,0.00021596009303308293,0.00016815618546422878
Flat White (L),0.18362541950172212,0.12338647678826817,0.04086759676893841,0.0018548361798666581,0.5533167786793584,0.005412620357142913,0.09045453892946531,0.0005551632803000373,0.0002577655289827671,0.0002688039859552926
Mocha (S),0.3014926478298525,0.11523639020746636,0.03717540428322994,0.0006622468184681162,0.42357120313266555,0.004902480331389944,0.1127131714800718,0.0006247157404993938,0.0033190648084873518,0.00030267536786904124
Mocha (R),0.0038968802713750346,0.14021582484446304,0.026839692182597238,0.001985172407223028,0.571697685678273,5.9516603993479327e-05,0.2501254211482075,3.6401977940413735e-06,0.003417401157225604,0.0017587655088481702
Mocha (L),0.17243375518083578,0.39025271926615723,0.006748906930815677,0.005117440197903786,0.2839067635679975,0.0006527184287448834,0.13726209157499128,6.111210238458972e-06,0.002351833245613896,0.0012676603967013485
Babycino,0.9510799938709438,0.00784059945687217,0.0021910917105562385,1.2053092051639202e-05,0.010124870557373033,5.111296141767632e-05,0.021998837895094246,0.00048201465734552655,0.006215825108697088,3.6006896487535076e-06
Hot Chocolate (S),0.08699468803159652,0.6901049075054427,0.00016699011331835042,0.011360798133875747,0.09215866750387551,0.0013931119944716411,0.09804556637905837,0.0013821236143607245,0.017809601192587888,0.0005835455314126953
Hot Chocolate (R),0.00018115635774550555,0.8885193974440293,0.0010362422666771406,0.013641849827893657,0.02916368763015406,0.002704075097082721,0.054175344018919755,0.00043724809701501917,0.009585491571814453,0.000555507688668395
Hot Chocolate (L),0.10738893414917611,0.7701740324084201,0.0002998663901820321,0.011633497260463442,0.055405582261854,0.0010764384066006315,0.046318750989840486,0.0005170671435362784,0.006679950751318048,0.0005058802386090484
Premium Dark Hot Chocolate,0.26443301321819085,0.008917221618640234,0.009935209075773154,0.014398274106720139,0.05694552871972501,0.13166978369749252,0.42132620385507724,0.009710721370955388,0.0826613531110585,2.6912263669660617e-06
Double Dark Hot Chocolate,0.06957109437520553,0.14750210242099931,0.004089466440041208,0.009767661140352171,0.03289517555689193,0.17322510235022115,0.4633913359281638,0.009593931707759459,0.08995919270243993,4.9373779253883746e-06
English Breakfast (S),0.6326629755594074,0.3602876990597341,0.0013301610875425377,0.0022006998752365945,0.000646228521168904,0.0017880719144883332,0.0006901909850465202,3.146742572522987e-06,8.809831221931038e-05,0.000302727942583806
English Breakfast (R),0.6315838564390558,0.36184820103856064,0.0011903297430983263,0.001932617546062945,0.0005014740587271748,0.001901955784819174,0.0005525761468246496,4.019614009806143e-06,0.00013946890205916533,0.0003455007267826308
English Breakfast (L),0.6285888902091131,0.3657493421870488,0.0008534763724809325,0.0013344347948638143,0.00020305956741788097,0.002208087235286592,0.0002706615142071555,6.594386856164666e-06,0.0003268261232272265,0.0004586276094987317
Moroccon Mint Green Tea (S),0.6446915677539569,0.3482880491764548,0.0016085146696410823,0.002751033520638154,0.0013587503800909808,0.0002144287967952254,0.0009256827561385529,3.042186319971753e-05,0.0001030134284756788,2.853765460880727e-05
Moroccon Mint Green Tea (R),0.6457855146209727,0.3476755534890749,0.0015037493490019666,0.0025467931794941135,0.0013012256846131978,0.00011704851410776213,0.000789575689230236,4.614588322515022e-05,0.0001588683114268023,7.552527885321909e-05
Moroccon Mint Green Tea (L),0.6486015737740577,0.3456818547043141,0.0012348370009036978,0.0020755914975685804,0.0011170724367021493,3.1205312471544246e-07,0.0005200465997619332,9.769899681652396e-05,0.0003757917524937547,0.0002952211842568426
Strawberry Green Tea (S),0.6429650763303468,0.35023082079520346,0.0015773671917279622,0.0026979560371395983,0.0014072871310022426,0.00028758952948759243,0.000703769048502275,4.1395290547275434e-05,6.181442197129042e-05,2.6924224071358522e-05
Strawberry Green Tea (R),0.6437969166426782,0.34992091900465944,0.0014686799524599005,0.0024882869653729727,0.001355880567178107,0.00018123430783032181,0.0005559374491422732,6.169155742532537e-05,9.888924138748027e-05,7.156431186597384e-05
Strawberry Green Tea (L),0.6456910304236182,0.348995504897241,0.0011871502345460617,0.001994789641798098,0.001191757627983071,1.986149550708728e-05,0.00025974078214805103,0.00013156443015998066,0.00024062607084924688,0.00028797439614928447
Lemon Ice Tea,0.7518645260295115,0.20698598930938725,0.00558097602374138,0.013164646520611311,0.017546820764791797,0.0009235796281511162,0.0019374613427791706,0.00016033316161723462,0.001832002279377449,3.664940031638014e-06
Strawberry Ice Tea,0.9249922577288837,0.04592378252109431,0.0025835496871666813,0.006715237707109624,0.014637763302469976,0.001445072523627372,0.002399273551237603,0.00010443339436416807,0.0011956007028204483,3.0288812260430528e-06
Green Apple Ice Tea,0.9301938330355962,0.04122692501865424,0.0024032709277549383,0.006149936804414689,0.015203126282446553,0.0010504050696752334,0.0023507362135380973,0.00014349860914836824,0.0012730960177306722,5.172021041073578e-06
Iced Coffee,0.6213692390759051,0.33480548687298123,0.0007246761177383028,0.009302250211539477,0.00595900321602747,0.00012920361933327812,0.027307785262137698,7.430264542279105e-05,0.00030841948814688163,1.9633490767571862e-05
Cold Coffee Frappe,0.055081494415497395,0.5746581509317007,0.0016098838078526735,0.03568650424144075,0.30237422975058353,0.003686858403024712,0.02124533783443842,0.005531246186504228,6.221578448188054e-05,6.407864447577809e-05
Mocha Frappe,0.06378219101383202,0.7823663950847755,2.6988498990127372e-05,0.009970302995528245,0.13310666065956803,0.00033369991999530934,0.0065652226085367495,0.0033681322834371264,0.000333661664260179,0.0001467452710766034
Chocolate Oreo Frappe,0.11004554190419286,0.7780868241531116,0.0003861465721807739,0.008324005855492743,0.09249738073979309,0.00023972005460962914,0.009138960145632351,0.001066797763157817,0.00015629424175775392,5.8328570071408225e-05
Strawberry Shake,0.057446570144136296,0.8862575186045272,0.0017275390960919382,0.00012990484507137257,0.047557002154676016,0.0031418841578908243,0.00206050357590356,0.0013929467957397256,0.0002199035160941004,6.622710986905427e-05
Chocolate Shake,0.029956212798244317,0.9263072911118739,0.0016940580522716074,0.0001042337124338378,0.03742774956217217,0.00018530775573238065,2.761941623213987e-05,0.0017528907657519258,0.002337515373955225,0.00020712145133243022
Mango Smoothie,0.20206817564927532,0.7671561372497147,0.0061537118543829065,0.017796614965537173,0.0015653822138270276,0.0004822413743164002,0.00471600820709762,2.731609239163364e-07,5.6706978865797394e-05,4.748346059159926e-06
Mixed Berry Smoothie,0.16316423251998477,0.8002764021748774,0.007928654821400875,0.023583184597480523,0.0007414944810888382,0.0007424492403866274,0.00328133402362523,9.866127282832738e-05,0.00018176138091526256,1.8254874122104508e-06
Raw Mango Cooler,0.9059188216270381,0.045296711584350405,0.002655600876173285,0.004093863206004015,0.03545787150975777,0.0014423548749567187,0.003782737294787123,0.0004513965279064109,0.0009004412411293989,2.0125789672059338e-07
Mix Berry Cooler,0.9074553308729992,0.05833164718369342,0.0023514583983009272,0.005051212743786999,0.022453492595365946,0.0006074677334052757,0.0024154490972304295,0.00025426111375262975,0.0010512345720391223,2.8445689426056022e-05
Sweet Lime Beverage,0.6733423782783506,0.2712725837180761,0.006676384946398074,0.014017262561740048,0.026054384272545705,0.0041834019011432145,0.004162527042506782,8.23680116812887e-05,0.00019477803252727574,1.3931235030938761e-05
Iced Americano,0.9364177093800614,0.04466409651591975,3.1984917740408435e-06,0.0023416013325192773,0.0014588618485327014,0.00024955092757355076,0.014756278944290237,4.235652698744098e-06,5.340944053003536e-05,5.105746610000128e-05
American Mud Pie Shake,0.03187819651082508,0.8805987181978341,0.0005515244238372169,0.0021129386658709135,0.07832095266609591,0.0015042137850193665,0.0010265054286958375,0.0002818974105629536,0.0036830516698010875,4.200124145745359e-05
Soft serve cone,0.8640597596792766,0.13013127161102295,0.0013521667820080674,0.001701746357094469,0.002041469103332836,7.712637210132544e-06,0.0004080366797542386,0.00016648010576531498,7.810560908086842e-05,5.325143545463423e-05
McSwirl ChocoDip,0.7434384285707909,0.008190900383453558,0.007936471663361148,0.058088421255813066,0.15921511126258184,0.001811430969525888,0.014109511040021097,0.0005011358220744928,0.005316889667200144,0.001391699365177758
Regular Soft Serve: Hot Fudge,0.9633288751322551,0.012503630781663437,0.0010870054598399858,0.003946070798111876,0.01383446534613832,0.002712896077143532,1.0261754716244719e-07,0.0006334593624382209,0.0016575743539115845,0.00029592007095094664
Medium Soft Serve: Hot Fudge,0.4746310532740612,0.39957750238507733,4.544711174506869e-06,0.00489324340950577,0.10620621621259087,0.0022163578271183018,0.0013278546704882546,0.002530362877959578,0.00830511155129817,0.00030775308072597714
Regular Soft Serve: Strawberry,0.9944126645496575,0.002147757738527223,1.4312506435979464e-06,0.00046035747794257576,0.0013962015711338712,0.000626763893313441,0.00039762248501722303,0.00014881121241071694,0.0003127439176771617,9.564590367681801e-05
Medium Soft Serve: Strawberry,0.7107897880618091,0.26969209404121885,0.002565842812909804,0.00953919804721374,0.002013035452678413,1.8748238712357655e-05,0.0041148792757228535,0.0002875021473749181,0.0009673192355441823,1.1592686815714468e-05
Regular Soft Serve: Brownie with Hot Fudge,0.6777069589609,0.2413796849751515,0.0002021518501529411,0.022593480022826073,9.40431664858297e-05,0.049967008950195256,0.0031084244167715706,0.002358743469560339,0.0025886040934748377,9.000944814332154e-07
Medium Soft Serve: Brownie with Hot Fudge,0.017287278001353417,0.8291869384674092,0.0004911840004018525,0.013267976849964527,0.004526937262528391,0.11084590536112285,0.00879970552274051,0.006397156626801086,0.0089007117945257,0.00029620611315252086
Regular Blackforest,0.28442830339781994,0.6670066484664327,0.0012479744265330977,0.0021832036659666884,0.0006884437393271246,0.03782072222757665,0.0047613844152928995,0.001058440495658403,0.000760667748620296,4.421141677210906e-05
Medium Blackforest,0.01303302261066152,0.942660972324806,0.00297102652105406,0.00013793182032788802,5.0149773530794137e-05,0.034673182630137654,0.004748075837118759,0.0009348439516972806,0.0006140591118471961,0.00017673541881891991
Small McFlurry - Oreo,0.959080262647191,0.032901704776785036,0.0004414922113402839,0.0036281357421758904,5.98337150031147e-05,0.0018107229830526036,0.001379014345131769,0.00040340561410927815,7.834080978812304e-06,0.00028759388423209905
Regular McFlurry - Oreo,0.4753247348606016,0.5090051154058456,0.0017352235983694147,0.0014602420080500071,0.008624423165245514,0.0006963575573656235,0.0007473858571556982,0.002069039899830117,4.154500760487881e-05,0.00029593263993143477
American Triple Cheese Chicken,0.8952235511100057,0.022860065416212924,0.0017917242003434172,0.0015139931262224723,0.005790657689808406,0.05758527531121865,0.00032654593042439885,0.006562545116646833,0.007961109532577034,0.00038453256654013803
American Triple Cheese Veg,0.9410530424530008,0.0007060549209452745,0.005109097216614495,0.025192281350569584,0.0009408677125065516,0.00016588323503689682,0.001001140229097937,0.022743439108001442,0.002264963684979223,0.0008232300892477793
Cheese Lava Burger,0.8409015481301835,0.07602641868332577,0.00023655540840539997,0.05508369575159967,9.985222440517736e-05,0.013620970728166001,0.010395764656956125,0.003391985717132119,5.423650737291582e-05,0.0001889721924534106
Chicken Cheese Lava Burger,0.9500667966882302,0.03048787015601608,1.3775976138522827e-05,0.00893130476504005,0.0009174436675818299,0.0009605319199954833,0.0021349838229267155,0.006102377002506497,8.491961890026225e-05,0.0002999963826642929
Chunky Chipotle American Burger Chicken,0.8562572691533924,0.004778942366255839,0.00013633041779900315,0.021760608807236216,0.04225973331213418,0.06158306086978312,0.013139872100242443,6.707717702586893e-05,1.1004086499118986e-05,6.1017096317914975e-06
McSpicy Premium Chicken Burger,0.7165785275620974,0.018618989462883647,0.02300866330933233,0.23180153102341958,0.004953418949543649,0.00024145729613759414,0.0038304105213795557,0.0002960479757944816,0.0004906300589664427,0.00018032384044522305
McSpicy Premium Veg Burger,0.8922754129650078,0.0001391439632078632,0.0017536730474593423,0.0478360615851822,0.027392483412236133,0.016510465082851266,0.011975931560961958,0.0004982965866963543,0.001518094569532079,0.00010043722686513926
Piri piri Mc Spicy Chicken Burger,0.5242008375568493,0.008449848794647658,0.00030557438163434313,0.04265054588691221,0.037927167441771076,0.0015918348515639705,0.21040656943939268,0.0020743163747514786,0.17136111982821048,0.001032185444266916
Piri piri Mc Spicy Veg Burger,0.682988827866071,0.029608769203271133,0.004420426504736191,0.09704592725597871,0.14160701999311637,0.007546854354075083,0.006844984836308716,0.019554210228066533,0.009795220532718142,0.0005877592256581616
Cheesy Veg Nuggets (6pc),0.11622524410407561,0.6321064089610248,0.03205205476408175,0.16275540790842702,0.03023747135606534,3.7759927291446695e-05,0.014840712900946223,0.006585791433651389,0.004963030937079366,0.0001961177073570429
Cheesy Veg Nuggets (9pc),0.7163474033944734,0.10755017730280332,0.01732483755740378,0.10650836202943166,0.03494368388222226,0.0008522887894011944,0.007009042434654162,0.005601338198364744,0.003836916437626043,2.5949973619523794e-05
Small Coca-Cola,0.7550390492928725,0.19505891805707554,0.005607775896670608,0.014832660495832584,0.01446912958502772,0.009326188271435878,0.004537050802879067,1.1148203613695681e-05,0.0010209518852382863,9.712750935418864e-05
Medium Coca-Cola,0.4373314438353632,0.500711710179769,0.010013385468878956,0.024797466364603105,0.013725023207190297,0.00873187421198959,0.0034801650588412274,1.2150623805679543e-05,0.0011530456667152799,4.37353828435337e-05
Large Coca-Cola,0.17610525004616492,0.7604046063653019,0.012666649947675123,0.03016861685617873,0.010712625939086987,0.00672577986309303,0.002137918652769913,1.0805230387933641e-05,0.0010575957431835654,1.0151356157801012e-05
Small Fanta orange,0.5840884971522816,0.3528252411553221,0.008478870338537395,0.020569913305858684,0.01753584008597991,0.010916386571317903,0.005164616408520459,1.8572932712582627e-07,0.00037479478667241543,4.565446618249006e-05
Medium Fanta Orange,0.2875804984193185,0.6433170536800832,0.012116760972614004,0.02821649784101145,0.01527904404767224,0.009374411475311591,0.003746753864205507,7.716040619689825e-08,0.0003576810521226015,1.1221487254748846e-05
Large Fanta orange,0.10266895250243277,0.8312305387315687,0.013643607628420323,0.030961295675814744,0.011730509294886254,0.0070965632663386536,0.002369744897802057,1.902772851321726e-08,0.0002985757042028491,1.9327080520428946e-07
Small Thums-up,0.8322754436230853,0.12183114929012147,0.00433683708237993,0.011658529620110087,0.014674977269644807,0.009431342106022547,0.004924916216062112,6.475126454416264e-06,0.0007540948456304095,0.00010623482048904209
Medium Thums-up,0.5284114997415168,0.4107158282408093,0.008972226009617333,0.022299700689065564,0.015007242351213264,0.009511049534565615,0.004111103349749407,7.36269323845385e-06,0.0009116374709457906,5.2349919278525335e-05
Large Thums-up,0.22670136896405188,0.7081985750632331,0.012357855905720616,0.029380233455253882,0.012198758912185336,0.00762132589565612,0.0026556162481021473,6.626599248201052e-06,0.0008666610963006783,1.2977860247871575e-05
Small Sprite,0.6776554036616416,0.2716729659506299,0.006585178196562315,0.01768311043642582,0.012560843791728938,0.008260241668730984,0.0035932283355298625,3.1416384578315366e-05,0.001855323134653159,0.00010228843951922683
Medium Sprite,0.3656953270617308,0.5743933592369839,0.010511728586064152,0.026559838942652243,0.011069892822937433,0.0072037536686982186,0.002485014817677862,3.355185578306777e-05,0.002000304097837959,4.7228909634435296e-05
Large Sprite,0.14209646760038455,0.7978158243099333,0.012558142459133004,0.03057060724718518,0.008328313650455764,0.00536210452404024,0.0014136090650509086,3.0144352312149575e-05,0.0018114011082969999,1.3385683207953808e-05
Coke Float,0.7095097906264557,0.2590754242236095,0.004375738643876317,0.015179013027109433,0.003785136630075713,0.007420146772456156,0.0002701981538673344,0.00012181681017712274,0.0001640790923828824,9.865601999002007e-05
Fanta Float,0.5752281885869969,0.38420027109783117,0.0063589959216978804,0.019386278540080664,0.005575673015720722,0.008563416570977578,0.0005459000110964361,6.707363357218452e-05,1.8406254810291664e-05,5.5796367216340885e-05
Sprite Float,0.6434775288349062,0.32157291638024343,0.005260726553088449,0.017327498985948323,0.004146981370581289,0.007536282809067052,0.00030155141217580217,0.00011287067538387805,0.00017918210295354159,8.446087565206144e-05
Coke Zero Can,0.6311516696580777,0.35622550513759316,0.002093158132375174,0.003974201450894646,0.002536765799102427,0.0016396248699698946,0.002189186645798453,2.8764682472782105e-06,4.651746073942224e-05,0.00014049437720188487
Vedica Natural Mineral Water,0.636668874876379,0.3522701550939158,0.002197689802519867,0.0038880956163738337,0.0018186386353889797,0.0012784793073358652,0.001745015996693278,7.19138992277449e-08,4.938955081676107e-06,0.00012803980241258696
Mustard diping sauce,0.6063855525914206,0.31546736772350376,1.9472020019797536e-05,0.021870021705373884,0.001020635624527176,0.008610128269478299,0.024759043502926414,0.011066012277939165,0.00976106655544017,0.0010406997293707812
BBQ diping sauce,0.7548055770698474,0.21216446690861182,0.0009984412995627464,0.005548965308062455,0.017533129170036448,0.0012803922190322136,4.5927938330945674e-05,9.964004307635906e-06,0.007613096657000753,3.942520748694345e-08
Chilli Sauce,0.6584703862652282,0.3253565156773343,0.0015771918293027319,0.003397316363750372,0.005112217336331977,0.0022765982652273296,0.0031286898808409328,4.427812298575515e-05,0.0005736076436005799,6.319861539775054e-05
Piri Piri Mix,0.4919930927302986,0.3949921043149478,0.0004734272888595452,0.005770164914116393,0.04245761213132675,0.015375989561023777,0.016852088688809757,0.001755578702438058,0.03028909584803259,4.084582014681368e-05
Tomato Ketchup Sachets,0.20640437796014746,0.30326115140719884,0.00017811759239343714,0.03351660197695639,0.001076508363018729,0.005357725523791202,0.049560847967498774,0.35817985712422806,0.014434882812394394,0.028029929272372984
Maple Syrup,0.905387875550632,0.032108553916663125,0.0004395978929296656,0.001942809655296076,0.015551852044929416,0.02182053774335329,0.010623289219438193,0.0004905086441243523,0.01163142059747571,3.554735157933467e-06
Cheese Slice,0.41096768472003053,0.5469185986775721,0.007663025431410287,0.0036846594984154433,0.0036982247304640278,0.01833032938260688,0.007374288063597487,0.0002110282722781279,0.0009981179324651597,0.00015404329116000675
Sweet Corn,0.648418302493537,0.3366464828853127,0.0024342967179819854,0.005641561232321228,0.0050056343010581004,0.0006174477699540249,0.0005874981093843157,5.293401542574662e-06,0.0005673236503922542,7.615943851601916e-05
Mixed Fruit Beverage,0.8099699394805263,0.08835765182019896,0.0009789062832344846,0.0035505366231393005,0.005949290413173886,0.019487305569127016,0.03719630867509895,0.0032017222075637593,0.03128788331817883,2.0455609758426266e-05
